Peptides,netmhciipan_el_HLA_DRB1_01_01,netmhciipan_el_HLA_DRB1_03_01,netmhciipan_el_HLA_DRB1_04_01,netmhciipan_el_HLA_DRB1_04_05,netmhciipan_el_HLA_DRB1_07_01,netmhciipan_el_HLA_DRB1_08_02,netmhciipan_el_HLA_DRB1_09_01,netmhciipan_el_HLA_DRB1_11_01,netmhciipan_el_HLA_DRB1_12_01,netmhciipan_el_HLA_DRB1_13_02,netmhciipan_el_HLA_DRB1_15_01,netmhciipan_el_HLA_DRB3_01_01,netmhciipan_el_HLA_DRB3_02_02,netmhciipan_el_HLA_DRB4_01_01,netmhciipan_el_HLA_DRB5_01_01,netmhciipan_el_HLA_DQA1_05_01_DQB1_02_01,netmhciipan_el_HLA_DQA1_05_01_DQB1_03_01,netmhciipan_el_HLA_DQA1_03_01_DQB1_03_02,netmhciipan_el_HLA_DQA1_04_01_DQB1_04_02,netmhciipan_el_HLA_DQA1_01_01_DQB1_05_01,netmhciipan_el_HLA_DQA1_01_02_DQB1_06_02,netmhciipan_el_HLA_DPA1_02_01_DPB1_01_01,netmhciipan_el_HLA_DPA1_01_03_DPB1_02_01,netmhciipan_el_HLA_DPA1_01_03_DPB1_04_01,netmhciipan_el_HLA_DPA1_03_01_DPB1_04_02,netmhciipan_el_HLA_DPA1_02_01_DPB1_05_01,netmhciipan_ba_HLA_DRB1_01_01,netmhciipan_ba_HLA_DRB1_03_01,netmhciipan_ba_HLA_DRB1_04_01,netmhciipan_ba_HLA_DRB1_04_05,netmhciipan_ba_HLA_DRB1_07_01,netmhciipan_ba_HLA_DRB1_08_02,netmhciipan_ba_HLA_DRB1_09_01,netmhciipan_ba_HLA_DRB1_11_01,netmhciipan_ba_HLA_DRB1_12_01,netmhciipan_ba_HLA_DRB1_13_02,netmhciipan_ba_HLA_DRB1_15_01,netmhciipan_ba_HLA_DRB3_01_01,netmhciipan_ba_HLA_DRB3_02_02,netmhciipan_ba_HLA_DRB4_01_01,netmhciipan_ba_HLA_DRB5_01_01,netmhciipan_ba_HLA_DQA1_05_01_DQB1_02_01,netmhciipan_ba_HLA_DQA1_05_01_DQB1_03_01,netmhciipan_ba_HLA_DQA1_03_01_DQB1_03_02,netmhciipan_ba_HLA_DQA1_04_01_DQB1_04_02,netmhciipan_ba_HLA_DQA1_01_01_DQB1_05_01,netmhciipan_ba_HLA_DQA1_01_02_DQB1_06_02,netmhciipan_ba_HLA_DPA1_02_01_DPB1_01_01,netmhciipan_ba_HLA_DPA1_01_03_DPB1_02_01,netmhciipan_ba_HLA_DPA1_01_03_DPB1_04_01,netmhciipan_ba_HLA_DPA1_03_01_DPB1_04_02,netmhciipan_ba_HLA_DPA1_02_01_DPB1_05_01
115680,20.46,7.54,8.61,11.84,26.92,2.37,25.84,7.65,7.75,12.92,20.46,34.46,26.92,24.77,11.84,50.61,30.15,30.15,9.26,3.98,9.26,30.15,14.00,22.61,25.84,11.84,58.15,10.55,43.07,51.69,44.15,25.84,42.00,20.46,16.15,30.15,23.69,47.38,55.99,39.84,24.77,78.61,40.92,78.61,73.22,54.92,61.38,67.84,66.76,67.84,69.99,48.46
115759,71.07,47.38,77.53,82.91,50.61,90.45,44.15,90.45,61.38,89.37,48.46,94.76,76.45,95.84,65.69,11.84,3.12,11.84,7.75,34.46,7.32,51.69,15.08,18.31,49.53,59.22,59.22,88.30,72.15,71.07,50.61,68.92,31.23,72.15,53.84,68.92,52.76,75.38,63.53,72.15,59.22,16.15,4.85,7.86,4.95,24.77,6.78,43.07,25.84,31.23,47.38,46.30
115809,5221.76,881.60,5696.46,6171.17,3933.27,2441.34,5153.94,1085.04,155.97,128.85,1695.38,2305.71,881.60,1966.64,2170.08,5493.02,4611.42,3051.68,4747.05,4136.72,1763.19,2170.08,949.41,1627.56,1627.56,569.65,4543.61,1085.04,5153.94,5628.65,3865.46,1898.82,4407.98,1017.23,745.97,610.34,1559.75,3933.27,1085.04,1627.56,1152.86,6374.61,4679.24,6510.24,6578.06,5560.83,4747.05,4882.68,4272.35,4814.87,4814.87,2644.79
115843,207.18,19.53,153.90,142.06,142.06,76.95,165.74,47.35,5.62,21.01,71.03,65.11,142.06,27.52,124.31,94.71,133.19,62.15,112.47,97.67,147.98,20.13,47.35,25.45,23.38,20.42,224.94,62.15,216.06,204.22,180.54,142.06,201.26,115.43,53.27,112.47,150.94,139.10,201.26,112.47,174.62,106.55,142.06,79.91,100.63,136.15,142.06,109.51,112.47,115.43,127.27,121.35
115867,94.76,99.07,104.45,106.60,97.99,103.37,90.45,105.53,105.53,78.61,105.53,104.45,71.07,104.45,102.30,43.07,19.38,65.69,87.22,101.22,92.61,104.45,103.37,104.45,106.60,104.45,75.38,78.61,86.14,96.91,80.76,79.68,78.61,78.61,81.84,31.23,83.99,82.91,17.23,77.53,80.76,54.92,8.08,59.22,69.99,89.37,72.15,97.99,93.68,93.68,96.91,92.61
115908,38.76,8.40,20.46,12.92,46.30,8.72,64.61,6.78,35.53,18.31,45.23,6.14,18.31,21.54,28.00,31.23,64.61,50.61,28.00,36.61,53.84,5.17,22.61,8.83,6.57,20.46,55.99,6.78,24.77,17.23,61.38,44.15,68.92,26.92,51.69,36.61,58.15,5.17,36.61,38.76,36.61,23.69,92.61,45.23,39.84,31.23,76.45,12.92,24.77,16.15,18.31,19.38
115945,219.02,91.75,53.27,32.56,201.26,65.11,227.90,68.07,257.49,112.47,47.35,88.79,82.87,97.67,106.55,201.26,236.77,198.30,162.78,5.33,254.53,207.18,233.81,201.26,245.65,195.34,281.17,213.10,207.18,174.62,275.25,233.81,278.21,216.06,266.37,236.77,210.14,189.42,168.70,239.73,242.69,245.65,293.01,260.45,269.33,94.71,290.05,260.45,263.41,254.53,266.37,263.41
116029,4068.90,745.97,4272.35,4475.79,3322.94,1966.64,2780.42,1559.75,162.76,949.41,2373.53,2305.71,3662.01,1220.67,3729.83,2373.53,1085.04,1491.93,1627.56,2509.16,467.92,813.78,745.97,1085.04,237.35,881.60,2848.23,1559.75,2848.23,3051.68,1424.12,2712.60,1356.30,2848.23,1288.49,1966.64,3797.64,2780.42,2034.45,2509.16,3729.83,1559.75,949.41,1152.86,881.60,2780.42,515.39,1559.75,1152.86,1695.38,1220.67,2509.16
116076,195.34,142.06,248.61,272.29,88.79,85.83,85.83,32.56,136.15,85.83,198.30,210.14,162.78,230.85,76.95,109.51,35.52,97.67,103.59,224.94,162.78,257.49,186.46,219.02,257.49,171.66,133.19,236.77,216.06,224.94,71.03,100.63,50.31,53.27,198.30,177.58,150.94,227.90,165.74,216.06,106.55,127.27,10.65,106.55,79.91,127.27,85.83,207.18,189.42,195.34,219.02,210.14
116161,51.94,65.80,69.26,70.41,58.87,87.73,35.78,85.42,32.32,61.18,84.26,72.72,71.57,93.50,62.33,76.18,25.39,87.73,86.57,100.42,76.18,99.27,96.96,86.57,94.65,100.42,12.70,40.40,26.55,36.94,24.24,30.01,9.70,28.86,18.47,34.63,26.55,65.80,28.86,30.01,17.31,68.10,7.85,72.72,62.33,68.10,43.86,57.72,48.48,48.48,55.41,42.71
116233,42.58,153.29,51.10,61.32,27.25,134.56,5.62,134.56,151.59,139.67,149.89,54.50,68.13,151.59,105.60,22.14,7.32,73.24,74.94,131.15,119.23,155.00,144.78,137.96,146.48,153.29,35.77,141.37,35.77,61.32,27.25,112.41,9.03,102.19,95.38,109.01,83.46,57.91,57.91,122.63,90.27,64.72,13.63,80.05,85.16,66.43,73.24,57.91,52.80,49.39,61.32,68.13
116276,142.06,293.01,204.22,165.74,156.86,177.58,88.79,162.78,281.17,287.09,142.06,227.90,195.34,293.01,136.15,207.18,88.79,263.41,257.49,242.69,263.41,284.13,224.94,275.25,281.17,269.33,127.27,284.13,204.22,165.74,156.86,177.58,79.91,159.82,242.69,257.49,112.47,242.69,213.10,257.49,133.19,245.65,18.94,248.61,245.65,233.81,248.61,239.73,159.82,204.22,221.98,224.94
116364,502.55,269.66,269.66,79.67,367.72,18.39,563.84,19.61,588.35,159.35,637.38,294.18,196.12,367.72,281.92,772.21,968.33,502.55,100.51,147.09,759.96,58.84,269.66,100.51,171.60,147.09,907.05,318.69,833.50,514.81,870.27,588.35,907.05,355.46,821.24,796.73,882.53,171.60,821.24,845.76,772.21,367.72,1054.13,600.61,539.32,453.52,956.07,171.60,220.63,147.09,294.18,281.92
116522,1544.10,1982.29,1836.23,1940.56,1752.76,1898.83,1147.64,1982.29,1898.83,1940.56,2044.89,2003.16,1961.43,1481.50,2024.03,876.38,229.53,1377.17,1439.77,2065.76,500.79,1919.69,1752.76,2044.89,2003.16,1961.43,1147.64,2003.16,1669.30,1752.76,1523.24,1752.76,1001.58,1877.96,1794.50,1919.69,1836.23,2024.03,1773.63,1836.23,1794.50,1314.57,87.64,1085.04,1022.45,1898.83,479.92,1919.69,1857.10,1919.69,1877.96,1940.56
116597,46.00,43.00,79.00,81.00,24.00,20.00,23.00,11.00,37.00,18.00,58.00,53.00,39.00,76.00,18.00,30.00,9.00,37.00,19.00,84.00,49.00,79.00,49.00,60.00,76.00,43.00,51.00,73.00,76.00,82.00,28.00,36.00,19.00,17.00,69.00,50.00,59.00,78.00,54.00,70.00,35.00,57.00,4.50,53.00,41.00,85.00,42.00,83.00,77.00,79.00,85.00,73.00
116688,179.87,133.62,107.92,133.62,138.76,37.00,169.59,45.74,40.60,149.04,256.96,339.19,164.45,190.15,42.14,395.72,416.28,246.68,303.21,416.28,328.91,143.90,77.09,128.48,102.78,51.39,56.53,190.15,20.56,25.18,44.20,8.74,56.53,8.74,61.67,159.32,107.92,303.21,97.64,48.31,9.25,205.57,364.88,241.54,251.82,308.35,272.38,66.81,71.95,102.78,66.81,12.33
